1576045416790640893
2660703877633207268
2659195873103006500
2659063609711692727
2657944947386048415
1574986549154086381
2656590987145654722
2652676057181654900
2652772250477618239
2651409900199936013
2652136707997889640
2650984202711125222
2649757683062972638
1572580959908625780
2648058913459346535
1571439972157662498
2647642934635841309
2647063839415941248
2646721551521724916
2645587191128678757
2645574771158959926
2643357997685121542
2641909932836684651
1570746362757894582
2642444893576899239
2642641850409365966
2640705300707563104
2640685934047748549
2638931508435250165
1569722523851080688
2639160073506137062
1568826300646191393
1569263557706651651
1568906653899820498
2637304922930855503
2636711569038471116
1566011246662039986
2628206751724996352
2626674519817091060
2625594014579359603
2624211936454508404
2622767436420726247
1562931266263324997
2620434996171824661
2620943461369150227
2618904240483731405
2618813125198689044
1558591465719183799
2611945440760035341
2611962433731113445
2607723003514065946
2603164501516304728
2587751606395687637
2584184510581602328
2543262696837035642
2523442285542488958
1576045416790640893
2660703877633207268
2660093893817989648
2659195873103006500
2659063609711692727
2657944947386048415
1574986549154086381
2656590987145654722
2652676057181654900
2652772250477618239
2651409900199936013
2652136707997889640
2650984202711125222
2649757683062972638
1572580959908625780
2648058913459346535
1571439972157662498
2647642934635841309
2647063839415941248
2646721551521724916
2645587191128678757
2645574771158959926
2643357997685121542
2641909932836684651
1570746362757894582
2642444893576899239
2642641850409365966
2640705300707563104
2639721312293779553
2640685934047748549
2638931508435250165
1569722523851080688
2639160073506137062
1568826300646191393
1569263557706651651
1568906653899820498
2637304922930855503
2636711569038471116
1566011246662039986
2628206751724996352
2626674519817091060
2625594014579359603
2624211936454508404
2624397338209853610
1562931266263324997
2620434996171824661
2620943461369150227
2618904240483731405
2618813125198689044
1558591465719183799
2611945440760035341
2611962433731113445
